PreviousVersion=1.11.20181128.143121
TFSBranch=dev/general
MercatorBuildVersion=4.24
GlobalReleaseVersion=28.0.20180924.110217
NolioVersion=4.20.20171026.100105
BuildConfiguration=Debug
MercatorEAI_Version=1.11.20181128.183045

