PreviousVersion=1.29.20181127.203351
TFSBranch=dev/general
GlobalReleaseVersion=28.0.0.0
MercatorBuildVersion=4.24
MercatorESB_Version=1.29.20181128.080556
NolioVersion=4.24.20180618.160701
BuildConfiguration=Debug

