PreviousVersion=3.25.20181127.190102
MNetBaseVersion=3.25
TFSBranch=dev/general
MercatorBuildVersion=4.24
GlobalReleaseVersion=28.0.20180924.110217
MyBaloiseClassic_Version=3.25.20181128.190104
BuildConfiguration=Debug

