PreviousVersion=1.11.20181127.164151
TFSBranch=dev/general
MercatorBuildVersion=4.24
GlobalReleaseVersion=28.0.0.0
NolioVersion=4.24.20171026.100105
BuildConfiguration=Debug
MercatorEAI_Version=1.11.20181128.121152

