PreviousVersion=1.29.20190118.180042
TFSBranch=dev/general
GlobalReleaseVersion=28.0.20180924.110217
MercatorBuildVersion=4.24
MercatorESB_Version=30.4.20191022.190027
BuildConfiguration=Debug
