PreviousVersion=1.15.20200602.183124
TFSBranch=dev/general
MercatorBuildVersion=4.28
GlobalReleaseVersion=32.0.20200602.184630
BuildConfiguration=DEBUG
MercatorEAI_Version=1.15.20200603.123127

