PreviousVersion=31.5.20200701.111242
TFSBranch=dev/general
GlobalReleaseVersion=32.0.20200630.184546
MercatorBuildVersion=4.28
MercatorESB_Version=31.5.20200701.112840
BuildConfiguration=DEBUG

