PreviousVersion=32.7.20200224.190033
MNetBaseVersion=32.7
TFSBranch=dev/general
MercatorBuildVersion=4.28
GlobalReleaseVersion=32.0.20200225.184529
MyBaloiseClassic_Version=32.7.20200225.190029
BuildConfiguration=Debug

