PreviousVersion=31.5.20210921.104331
TFSBranch=dev/general
GlobalReleaseVersion=32.0.20210920.184547
MercatorBuildVersion=4.30
MercatorESB_Version=31.5.20210921.111544
BuildConfiguration=DEBUG

