RetryCount=0
Version=37.5.20211125.183020
BuildDBVersion=4.33
Branch=dev/general
Release=37
BaseVersion=37.5
GlobalReleaseVersion=37.0.20211125.0

