RetryCount=0
Version=37.4.20211125.150026
BuildDBVersion=4.33
Branch=dev/general
Release=37
BaseVersion=37.4
GlobalReleaseVersion=37.0.20211125.0

