RetryCount=0
Version=37.7.20211125.171547
BuildDBVersion=4.33
Branch=Dev/General
Release=37
BaseVersion=37.7
GlobalReleaseVersion=37.0.20211125.0

