PreviousVersion=1.13.20190215.183121
TFSBranch=dev/general
MercatorBuildVersion=4.25
GlobalReleaseVersion=29.0.20190208.102759
MercatorEAI_Version=1.13.20190218.123051

