PreviousVersion=1.30.20190218.130126
TFSBranch=dev/general
GlobalReleaseVersion=29.0.20190208.102759
MercatorBuildVersion=4.25
MercatorESB_Version=1.30.20190218.150022
NolioVersion=4.25.20181113.055334
BuildConfiguration=Debug

