PreviousVersion=1.11.20190122.163410
TFSBranch=dev/general
GlobalReleaseVersion=28.0.0.0
MercatorBuildVersion=4.24
MercatorESB_Version=1.29.20190122.150047
NolioVersion=4.24.20181113.055334
BuildConfiguration=Debug
MercatorEAI_Version=1.11.20190122.163727

