PreviousVersion=1.29.20190118.180042
TFSBranch=dev/general
GlobalReleaseVersion=28.0.20180924.110217
MercatorBuildVersion=4.24
MercatorESB_Version=1.29.20190121.130114
NolioVersion=4.24.20181113.055334
BuildConfiguration=Debug
