PreviousVersion=3.26.20190214.190043
MNetBaseVersion=3.26
TFSBranch=dev/general
MercatorBuildVersion=4.25
GlobalReleaseVersion=29.0.20190208.102759
MyBaloiseClassic_Version=3.26.20190215.190045
BuildConfiguration=Debug

